jails: 
  jail: 
    world: world
    x: -187.91101664971615
    y: 4.0
    z: -88.26137460991838
    yaw: 10.686029
    pitch: 15.502524
  prisonsecrete: 
    world: world
    x: -98.69999998807907
    y: 4.0
    z: 98.30000001192093
    yaw: -6.074597
    pitch: 17.500784
