world: world
x: -401.64695159196134
y: 119.06854351758548
z: -23.303500277390306
yaw: 236.11768
pitch: -0.31681347
name: a
