world: world
x: -269.77237349884797
y: 15.0
z: 4.606271662942574
yaw: 3.5101027
pitch: 48.749973
name: arene
