world: world
x: -98.57182116824505
y: 23.01623977291586
z: 555.7956142561251
yaw: -334.84808
pitch: 23.961605
name: arenepvp
