world: world
x: -98.53998892111811
y: 4.0
z: 108.59882262522144
yaw: 93.15001
pitch: 1.0499951
name: b
