world: world
x: -226.36008183595308
y: 4.0
z: -176.47405192768449
yaw: 271.68506
pitch: 13.049995
name: B1
