world: world
x: -279.89932822758396
y: 12.0
z: -181.419412594738
yaw: 88.08516
pitch: 7.005642
name: B2
