world: world
x: 231.4650098325016
y: 37.0
z: -361.52404962508325
yaw: 0.45422363
pitch: 2.099992
name: B3
