world: world
x: 116.1914658699919
y: 24.0
z: -300.53031051632576
yaw: 106.65411
pitch: 56.549984
name: B4
