world: world
x: 60.492493097670376
y: 26.0
z: -118.06737277720748
yaw: 3.0
pitch: 9.9
name: Bmine
