world: world
x: -170.29868039332507
y: 4.0
z: -3.0131530493928027
yaw: 92.55
pitch: 4.8000207
name: c
