world: world
x: -348.7909974226298
y: 18.0
z: -259.3591780063487
yaw: 90.62341
pitch: 0.7499831
name: CB2
