world: world
x: -363.05821916125205
y: 17.0
z: 127.42468095771014
yaw: -89.97463
pitch: 28.309181
name: CBA
