world: world
x: -76.09775380932588
y: 4.0
z: -9.152074803977959
yaw: 92.61002
pitch: 1.8575984
name: d
