world: world
x: -300.19431425688845
y: 8.0
z: -188.30000001192093
yaw: 182.27542
pitch: 14.447983
name: derierre
