world: world
x: 486.45510908351946
y: 59.97802354229688
z: -31.905874929723737
yaw: -50.45996
pitch: 71.568
name: event
