world: world
x: 5.521580811547782
y: 19.75
z: 70.48828798397098
yaw: 180.35997
pitch: 8.99999
name: Hub
