world: world
x: -39.467941111851985
y: 22.000024826366623
z: 152.94615382748918
yaw: -48.714478
pitch: 27.331167
name: jump
