world: world
x: 11.465180018817957
y: 100.0
z: 416.869122159453
yaw: -99.009735
pitch: 3.3696067
name: newspawn
