world: world
x: -211.76417626982845
y: 22.0
z: -81.64611659811229
yaw: -113.27407
pitch: 26.102383
name: spleef
