world: world
x: -3.692820739924432
y: 100.0
z: 415.91829477351286
yaw: 265.91565
pitch: 6.4332166
name: start
