world: world
x: -78.61548332668889
y: 27.0
z: -230.32917071446312
yaw: -82.37628
pitch: 8.284788
name: tntrun
